# x y u
0.000000 0.000000 5.000000
0.000000 0.125000 5.000000
0.000000 0.250000 5.000000
0.000000 0.375000 5.000000
0.000000 0.500000 5.000000
0.000000 0.625000 5.000000
0.000000 0.750000 5.000000
0.000000 0.875000 5.000000
0.000000 1.000000 5.000000
0.000000 1.125000 5.000000
0.000000 1.250000 5.000000
0.000000 1.375000 5.000000
0.000000 1.500000 5.000000
0.000000 1.625000 5.000000
0.000000 1.750000 5.000000
0.000000 1.875000 5.000000
0.000000 2.000000 5.000000
0.000000 2.125000 5.000000
0.000000 2.250000 5.000000
0.000000 2.375000 5.000000
0.000000 2.500000 5.000000
0.000000 2.625000 5.000000
0.000000 2.750000 5.000000
0.000000 2.875000 5.000000
0.000000 3.000000 5.000000
0.000000 3.125000 5.000000
0.000000 3.250000 5.000000
0.000000 3.375000 5.000000
0.000000 3.500000 5.000000
0.000000 3.625000 5.000000
0.000000 3.750000 5.000000
0.000000 3.875000 5.000000
0.000000 4.000000 5.000000

0.125000 0.000000 5.000000
0.125000 0.125000 4.879160 970.024901 963.414483
0.125000 0.250000 4.758733 1939.532432 954.016227
0.125000 0.375000 4.639481 2905.301387 932.865242
0.125000 0.500000 4.522873 3858.369383 891.511503
0.125000 0.625000 4.411434 4780.571485 819.467165
0.125000 0.750000 4.309001 5641.216434 706.245042
0.125000 0.875000 4.220720 6395.697394 544.787001
0.125000 1.000000 4.152622 6989.178451 334.634904
0.125000 1.125000 4.110792 7367.331335 80.964826
0.125000 1.250000 4.100672 7487.464807 -211.873898
0.125000 1.375000 4.127156 7312.356148 -541.477861
0.125000 1.500000 4.194841 6798.366826 -898.570363
0.125000 1.625000 4.307162 5890.658999 -1246.525401
0.125000 1.750000 4.462978 4539.737638 -1490.084478
0.125000 1.875000 4.649238 2770.978615 -1454.969012
0.125000 2.000000 4.831109 873.209907 -977.053848
0.125000 2.125000 4.953241 -308.930982 -294.051644
0.125000 2.250000 4.989998 -487.775283 273.743217
0.125000 2.375000 4.955780 161.970624 465.535389
0.125000 2.500000 4.897588 868.822779 416.010795
0.125000 2.625000 4.845586 1374.564984 276.754791
0.125000 2.750000 4.810992 1658.258742 130.559822
0.125000 2.875000 4.794672 1764.357375 8.826040
0.125000 3.000000 4.793569 1742.772024 -82.496352
0.125000 3.125000 4.803881 1633.616735 -147.159806
0.125000 3.250000 4.822276 1465.924643 -191.290974
0.125000 3.375000 4.846187 1259.795172 -220.583645
0.125000 3.500000 4.873760 1028.840561 -239.505350
0.125000 3.625000 4.903698 782.178194 -251.270039
0.125000 3.750000 4.935107 525.908019 -258.034591
0.125000 3.875000 4.967361 264.183162 -261.108876
0.125000 4.000000 5.000000

0.250000 0.000000 5.000000
0.250000 0.125000 4.757907 973.847479 1932.922014
0.250000 0.250000 4.516292 1952.669264 1919.785182
0.250000 0.375000 4.276319 2939.153331 1885.933238
0.250000 0.500000 4.040577 3930.589017 1813.713604
0.250000 0.625000 3.813863 4914.172975 1680.112114
0.250000 0.750000 3.603849 5860.602546 1460.726002
0.250000 0.875000 3.421258 6718.155337 1138.268058
0.250000 1.000000 3.278974 7414.658722 712.787787
0.250000 1.125000 3.189876 7879.020824 201.098298
0.250000 1.250000 3.164739 8075.545662 -386.982557
0.250000 1.375000 3.213111 7980.840776 -1055.467184
0.250000 1.500000 3.345045 7549.177831 -1806.278189
0.250000 1.625000 3.570830 6681.827573 -2597.446763
0.250000 1.750000 3.895510 5201.134375 -3258.843501
0.250000 1.875000 4.302866 2864.872834 -3352.737719
0.250000 2.000000 4.721958 -320.333074 -2159.194738
0.250000 2.125000 4.991857 -1995.229776 -472.895945
0.250000 2.250000 5.050969 -1884.160352 923.489124
0.250000 2.375000 4.935533 -86.927796 1172.387544
0.250000 2.500000 4.788985 1119.457322 921.753001
0.250000 2.625000 4.673766 1735.869436 560.448549
0.250000 2.750000 4.603710 1982.048835 236.658456
0.250000 2.875000 4.574127 2013.775143 -12.759312
0.250000 3.000000 4.575722 1921.664354 -191.651641
0.250000 3.125000 4.599679 1756.816992 -314.851898
0.250000 3.250000 4.639035 1548.493189 -397.420444
0.250000 3.375000 4.688713 1313.912984 -451.538256
0.250000 3.500000 4.745155 1063.470023 -486.167718
0.250000 3.625000 4.805926 803.550689 -507.540213
0.250000 3.750000 4.869369 538.127254 -519.759448
0.250000 3.875000 4.934338 269.715751 -525.292038
0.250000 4.000000 5.000000

0.375000 0.000000 5.000000
0.375000 0.125000 4.636176 972.695753 2911.743799
0.375000 0.250000 4.272208 1958.143814 2906.269249
0.375000 0.375000 3.908924 2968.053654 2877.368925
0.375000 0.500000 3.549253 4010.660381 2797.297562
0.375000 0.625000 3.199591 5084.928853 2626.541685
0.375000 0.750000 2.871273 6168.865438 2318.278793
0.375000 0.875000 2.581488 7201.662687 1834.771443
0.375000 1.000000 2.352142 8072.280276 1177.149889
0.375000 1.125000 2.204998 8658.547577 397.623136
0.375000 1.250000 2.155295 8954.856241 -481.687443
0.375000 1.375000 2.215506 8986.283460 -1487.130128
0.375000 1.500000 2.401398 8735.676151 -2673.628448
0.375000 1.625000 2.735601 8086.339085 -4078.139960
0.375000 1.750000 3.245369 6718.099457 -5595.105042
0.375000 1.875000 3.944757 3807.711420 -6537.943627
0.375000 2.000000 4.762000 -3024.185261 -3834.091440
0.375000 2.125000 5.241261 -5467.494694 -361.826522
0.375000 2.250000 5.286490 -4966.708555 2720.721681
0.375000 2.375000 4.946399 255.021223 2378.772662
0.375000 2.500000 4.649053 1960.064870 1538.165114
0.375000 2.625000 4.456782 2467.406602 806.627948
0.375000 2.750000 4.355954 2520.292020 268.384763
0.375000 2.875000 4.322405 2387.030006 -104.870100
0.375000 3.000000 4.335514 2173.293257 -356.499003
0.375000 3.125000 4.380077 1923.493690 -523.175701
0.375000 3.250000 4.445474 1657.318137 -632.000649
0.375000 3.375000 4.524474 1383.893553 -701.981218
0.375000 3.500000 4.612221 1107.575856 -746.087051
0.375000 3.625000 4.705482 830.427287 -772.963649
0.375000 3.750000 4.802103 553.334555 -788.170950
0.375000 3.875000 4.900624 276.552590 -795.007789
0.375000 4.000000 5.000000

0.500000 0.000000 5.000000
0.500000 0.125000 4.514589 958.791717 3897.191860
0.500000 0.250000 4.027440 1939.156585 3916.179089
0.500000 0.375000 3.537918 2964.257092 3919.975651
0.500000 0.500000 3.047921 4059.069998 3871.566034
0.500000 0.625000 2.563975 5246.016617 3710.478270
0.500000 0.750000 2.100165 6528.267667 3351.076041
0.500000 0.875000 1.681281 7847.349695 2705.389033
0.500000 1.000000 1.343107 9014.252119 1763.417190
0.500000 1.125000 1.122680 9728.032966 693.931800
0.500000 1.250000 1.035938 10099.048265 -450.260224
0.500000 1.375000 1.092221 10273.760673 -1737.737437
0.500000 1.500000 1.309438 10320.904228 -3322.965513
0.500000 1.625000 1.724809 10209.753161 -5446.379589
0.500000 1.750000 2.405606 9777.212948 -8505.493079
0.500000 1.875000 3.468793 8672.058648 -13369.840308
0.500000 2.000000 5.140023 6492.684489 -6277.400873
0.500000 2.125000 5.924698 4725.454003 138.959617
0.500000 2.250000 5.907328 3839.108788 7942.451459
0.500000 2.375000 4.914522 4113.656373 4083.816309
0.500000 2.500000 4.404045 3998.374332 2045.506847
0.500000 2.625000 4.148356 3653.400084 859.513365
0.500000 2.750000 4.040917 3244.682636 135.122749
0.500000 2.875000 4.024027 2840.759604 -318.606849
0.500000 3.000000 4.063853 2460.984978 -606.298570
0.500000 3.125000 4.139640 2106.546376 -789.351255
0.500000 3.250000 4.238309 1773.392115 -905.425233
0.500000 3.375000 4.351487 1456.767234 -978.298914
0.500000 3.500000 4.473774 1152.512563 -1023.235621
0.500000 3.625000 4.601679 857.248046 -1050.056380
0.500000 3.750000 4.732936 568.231090 -1064.952915
0.500000 3.875000 4.866055 283.160055 -1071.560380
0.500000 4.000000 5.000000

0.625000 0.000000 5.000000
0.625000 0.125000 4.394740 923.314533 4877.556727
0.625000 0.250000 3.785045 1875.433715 4941.279597
0.625000 0.375000 3.167386 2890.748132 5014.788557
0.625000 0.500000 2.540537 4015.345902 5058.512653
0.625000 0.625000 1.908223 5311.799949 4992.729321
0.625000 0.750000 1.284132 6850.838919 4670.158069
0.625000 0.875000 0.700362 8645.216308 3872.291456
0.625000 1.000000 0.216326 10409.345538 2477.198037
0.625000 1.125000 -0.093324 11140.283905 1064.947099
0.625000 1.250000 -0.226443 11439.543181 -275.547816
0.625000 1.375000 -0.191999 11688.806741 -1690.593883
0.625000 1.500000 0.019325 12064.426925 -3434.116580
0.625000 1.625000 0.448590 12654.556382 -5878.919802
0.625000 1.750000 1.183455 13508.940524 -9610.647379
0.625000 1.875000 2.384786 14610.625737 -15549.214467
0.625000 2.000000 4.328437 15597.410567 -8044.631359
0.625000 2.125000 5.334016 14037.517427 -747.385598
0.625000 2.250000 5.427439 11484.033333 8216.999043
0.625000 2.375000 4.400315 8362.121148 3968.534268
0.625000 2.500000 3.904248 6266.376001 1700.532599
0.625000 2.625000 3.691681 4903.136766 450.795917
0.625000 2.750000 3.635332 3964.278836 -268.800283
0.625000 2.875000 3.668932 3270.340796 -698.381475
0.625000 3.000000 3.756229 2723.340675 -960.737172
0.625000 3.125000 3.876322 2268.314719 -1122.505516
0.625000 3.250000 4.016635 1872.936713 -1222.050114
0.625000 3.375000 4.169391 1517.270705 -1282.553585
0.625000 3.500000 4.329710 1188.459117 -1318.500139
0.625000 3.625000 4.494523 877.821244 -1339.073337
0.625000 3.750000 4.661907 579.181703 -1350.023950
0.625000 3.875000 4.830660 287.856540 -1354.720435
0.625000 4.000000 5.000000

0.750000 0.000000 5.000000
0.750000 0.125000 4.279326 859.032698 5829.675910
0.750000 0.250000 3.550616 1748.515612 5956.594013
0.750000 0.375000 2.806042 2707.955817 6139.386328
0.750000 0.500000 2.038619 3799.765531 6354.966699
0.750000 0.625000 1.244248 5134.998356 6531.768292
0.750000 0.750000 0.427777 6918.071754 6464.535458
0.750000 0.875000 -0.380290 9473.331080 5636.420686
0.750000 1.000000 -1.084843 12837.629818 3208.136405
0.750000 1.125000 -1.485860 12984.213934 1364.206375
0.750000 1.250000 -1.656386 12830.033812 -26.284256
0.750000 1.375000 -1.653100 12977.496183 -1314.973699
0.750000 1.500000 -1.488728 13593.440349 -2843.987123
0.750000 1.625000 -1.133230 14835.104920 -5024.535660
0.750000 1.750000 -0.505163 16993.367030 -8508.962166
0.750000 1.875000 0.558457 20664.093209 -14562.429638
0.750000 2.000000 2.378761 27248.814613 -9604.524499
0.750000 2.125000 3.579327 24343.171805 -3300.869691
0.750000 2.250000 3.991935 19697.385969 5095.086858
0.750000 2.375000 3.355049 11584.418886 1872.789121
0.750000 2.500000 3.120951 7801.871757 337.293365
0.750000 2.625000 3.078789 5728.492143 -488.062013
0.750000 2.750000 3.139797 4438.955145 -962.738322
0.750000 2.875000 3.260139 3552.984070 -1245.381596
0.750000 3.000000 3.415812 2893.722207 -1415.763128
0.750000 3.125000 3.592782 2370.435114 -1517.883523
0.750000 3.250000 3.782518 1932.769312 -1577.716122
0.750000 3.375000 3.979732 1550.919756 -1611.365172
0.750000 3.500000 4.181153 1206.231957 -1629.138012
0.750000 3.625000 4.384795 886.396109 -1637.712877
0.750000 3.750000 4.589509 582.817937 -1641.349112
0.750000 3.875000 4.794678 289.084404 -1642.576975
0.750000 4.000000 5.000000

0.875000 0.000000 5.000000
0.875000 0.125000 4.171947 764.300648 6719.158823
0.875000 0.250000 3.332052 1551.640217 6916.034218
0.875000 0.375000 2.467548 2392.793993 7231.196042
0.875000 0.500000 1.563648 3340.762047 7690.199525
0.875000 0.625000 0.602373 4510.356191 8314.841690
0.875000 0.750000 -0.436982 6213.118659 9019.794784
0.875000 0.875000 -1.564456 9492.406441 9000.719424
0.875000 1.000000 -2.689546 18483.628722 3354.720520
0.875000 1.125000 -3.108886 15128.908202 1210.026253
0.875000 1.250000 -3.260140 13918.881949 121.178116
0.875000 1.375000 -3.275287 13797.703833 -699.029534
0.875000 1.500000 -3.187908 14496.733366 -1602.322551
0.875000 1.625000 -2.987618 16099.055918 -2866.273550
0.875000 1.750000 -2.629334 18965.329468 -4838.235987
0.875000 1.875000 -2.024554 23803.565455 -7977.708233
0.875000 2.000000 -1.027341 31781.273688 -12510.167307
0.875000 2.125000 0.536430 19779.660025 -7946.655528
0.875000 2.250000 1.529762 14768.610666 -3017.880225
0.875000 2.375000 1.906997 10476.296670 -1909.758008
0.875000 2.500000 2.145717 7628.199997 -1736.086249
0.875000 2.625000 2.362728 5770.004906 -1777.599012
0.875000 2.750000 2.584928 4510.065530 -1848.709397
0.875000 2.875000 2.816016 3608.918131 -1904.643458
0.875000 3.000000 3.054097 2928.128970 -1939.050221
0.875000 3.125000 3.296478 2386.934218 -1955.549325
0.875000 3.250000 3.540922 1936.785666 -1959.565678
0.875000 3.375000 3.785867 1547.407049 -1956.052971
0.875000 3.500000 4.030374 1199.152847 -1948.973861
0.875000 3.625000 4.273996 878.713297 -1941.291049
0.875000 3.750000 4.516657 576.609534 -1935.082645
0.875000 3.875000 4.758542 285.663138 -1931.661379
0.875000 4.000000 5.000000

1.000000 0.000000 5.000000
1.000000 0.125000 4.076409 646.529675 7506.498393
1.000000 0.250000 3.138097 1300.950615 7757.187995
1.000000 0.375000 2.168448 1970.817893 8179.164095
1.000000 0.500000 1.146053 2660.132474 8859.793668
1.000000 0.625000 0.038579 3352.545702 10017.604158
1.000000 0.750000 -1.213622 3931.640251 12299.082566
1.000000 0.875000 -2.751007 3799.547302 17991.941705
1.000000 1.000000 -5.000000 -0.000000 -0.000000
1.000000 1.125000 -5.000000 -0.000000 -0.000000
1.000000 1.250000 -5.000000 -0.000000 -0.000000
1.000000 1.375000 -5.000000 -0.000000 -0.000000
1.000000 1.500000 -5.000000 -0.000000 -0.000000
1.000000 1.625000 -5.000000 -0.000000 -0.000000
1.000000 1.750000 -5.000000 -0.000000 -0.000000
1.000000 1.875000 -5.000000 -0.000000 -0.000000
1.000000 2.000000 -5.000000 -0.000000 -24511.780970
1.000000 2.125000 -1.936027 8225.583943 -12957.704887
1.000000 2.250000 -0.316314 9121.100000 -7310.194221
1.000000 2.375000 0.597460 7923.957129 -4757.854681
1.000000 2.500000 1.192192 6464.626656 -3594.281340
1.000000 2.625000 1.641477 5213.261954 -3037.538388
1.000000 2.750000 2.021169 4222.383938 -2749.856796
1.000000 2.875000 2.364901 3444.493956 -2585.432620
1.000000 3.000000 2.688080 2822.941322 -2480.244972
1.000000 3.125000 2.998111 2312.387123 -2405.697877
1.000000 3.250000 3.298823 1880.032084 -2348.944295
1.000000 3.375000 3.592441 1502.769926 -2304.307173
1.000000 3.500000 3.880480 1164.259085 -2269.413411
1.000000 3.625000 4.164156 852.694697 -2243.394811
1.000000 3.750000 4.444581 559.243765 -2226.029042
1.000000 3.875000 4.722834 276.958613 -2217.324517
1.000000 4.000000 5.000000

1.125000 0.000000 5.000000
1.125000 0.125000 3.995593 520.867437 8160.919333
1.125000 0.250000 2.975478 1034.814676 8427.055272
1.125000 0.375000 1.922096 1529.394487 8868.478677
1.125000 0.500000 0.813536 1976.404256 9552.206896
1.125000 0.625000 -0.380490 2308.053891 10596.698707
1.125000 0.750000 -1.705077 2361.349340 12166.989617
1.125000 0.875000 -3.225951 1774.142517 14192.394403
1.125000 1.000000 -5.000000 -0.000000 -0.000000
1.125000 1.125000 -5.000000 -0.000000 -0.000000
1.125000 1.250000 -5.000000 -0.000000 -0.000000
1.125000 1.375000 -5.000000 -0.000000 -0.000000
1.125000 1.500000 -5.000000 -0.000000 -0.000000
1.125000 1.625000 -5.000000 -0.000000 -0.000000
1.125000 1.750000 -5.000000 -0.000000 -0.000000
1.125000 1.875000 -5.000000 -0.000000 -0.000000
1.125000 2.000000 -5.000000 -0.000000 -16286.197027
1.125000 2.125000 -2.964225 4001.575746 -12062.188830
1.125000 2.250000 -1.456452 5566.248261 -8507.337091
1.125000 2.375000 -0.393035 5633.805193 -6217.185154
1.125000 2.500000 0.384114 5093.087542 -4845.646041
1.125000 2.625000 0.989819 4396.032318 -4028.416404
1.125000 2.750000 1.493371 3721.714312 -3527.746778
1.125000 2.875000 1.934340 3123.732432 -3206.985254
1.125000 3.000000 2.335213 2606.755240 -2990.799172
1.125000 3.125000 2.709063 2159.640867 -2838.052916
1.125000 3.250000 3.063819 1768.185619 -2726.206452
1.125000 3.375000 3.404595 1419.381489 -2642.818014
1.125000 3.500000 3.734947 1102.418870 -2580.977799
1.125000 3.625000 4.057570 808.562642 -2536.845744
1.125000 3.750000 4.374675 530.712215 -2508.314194
1.125000 3.875000 4.688215 262.927549 -2494.283130
1.125000 4.000000 5.000000

1.250000 0.000000 5.000000
1.250000 0.125000 3.930484 402.125398 8674.866572
1.250000 0.250000 2.846126 788.046165 8921.635083
1.250000 0.375000 1.730922 1135.541125 9315.488446
1.250000 0.500000 0.566486 1408.036172 9883.856530
1.250000 0.625000 -0.668996 1541.916265 10649.994156
1.250000 0.750000 -2.000246 1431.560702 11579.782794
1.250000 0.875000 -3.447719 935.673425 12418.251886
1.250000 1.000000 -5.000000 -0.000000 -0.000000
1.250000 1.125000 -5.000000 -0.000000 -0.000000
1.250000 1.250000 -5.000000 -0.000000 -0.000000
1.250000 1.375000 -5.000000 -0.000000 -0.000000
1.250000 1.500000 -5.000000 -0.000000 -0.000000
1.250000 1.625000 -5.000000 -0.000000 -0.000000
1.250000 1.750000 -5.000000 -0.000000 -0.000000
1.250000 1.875000 -5.000000 -0.000000 -0.000000
1.250000 2.000000 -5.000000 -0.000000 -12284.621281
1.250000 2.125000 -3.464422 2214.470780 -10497.516315
1.250000 2.250000 -2.152233 3508.512106 -8439.780160
1.250000 2.375000 -1.097260 3951.927837 -6757.902805
1.250000 2.500000 -0.252522 3877.886003 -5542.701265
1.250000 2.625000 0.440315 3556.065463 -4702.734410
1.250000 2.750000 1.028157 3144.708559 -4125.728658
1.250000 2.875000 1.543873 2721.966219 -3723.962445
1.250000 3.000000 2.009368 2320.706340 -3437.913545
1.250000 3.125000 2.439108 1951.235486 -3229.508164
1.250000 3.250000 2.842796 1613.688038 -3075.010583
1.250000 3.375000 3.227172 1304.151540 -2959.780634
1.250000 3.500000 3.597145 1017.472263 -2874.834027
1.250000 3.625000 3.956499 748.424785 -2814.696170
1.250000 3.750000 4.308336 492.114905 -2776.098860
1.250000 3.875000 4.655349 244.039367 -2757.210679
1.250000 4.000000 5.000000

1.375000 0.000000 5.000000
1.375000 0.125000 3.880219 299.587990 9060.787339
1.375000 0.250000 2.747620 579.703462 9269.130042
1.375000 0.375000 1.588979 816.687674 9587.983493
1.375000 0.500000 0.390481 978.283042 10017.736623
1.375000 0.625000 -0.861736 1020.014294 10539.638594
1.375000 0.750000 -2.179191 887.303780 11083.895517
1.375000 0.875000 -3.564678 536.990481 11482.578461
1.375000 1.000000 -5.000000 -0.000000 -0.000000
1.375000 1.125000 -5.000000 -0.000000 -0.000000
1.375000 1.250000 -5.000000 -0.000000 -0.000000
1.375000 1.375000 -5.000000 -0.000000 -0.000000
1.375000 1.500000 -5.000000 -0.000000 -0.000000
1.375000 1.625000 -5.000000 -0.000000 -0.000000
1.375000 1.750000 -5.000000 -0.000000 -0.000000
1.375000 1.875000 -5.000000 -0.000000 -0.000000
1.375000 2.000000 -5.000000 -0.000000 -10070.150502
1.375000 2.125000 -3.741231 1347.795266 -9203.474988
1.375000 2.250000 -2.590797 2301.401545 -7996.364428
1.375000 2.375000 -1.591251 2787.508048 -6831.944639
1.375000 2.500000 -0.737258 2910.463170 -5864.521806
1.375000 2.625000 -0.004193 2805.634970 -5114.091313
1.375000 2.750000 0.635068 2579.088244 -4548.470998
1.375000 2.875000 1.203627 2298.717546 -4125.222325
1.375000 3.000000 1.719280 2002.868413 -3807.384398
1.375000 3.125000 2.195203 1710.906701 -3567.055613
1.375000 3.250000 2.641085 1431.179506 -3384.547081
1.375000 3.375000 3.064154 1166.064369 -3246.459910
1.375000 3.500000 3.469961 914.893857 -3143.881505
1.375000 3.625000 3.862946 675.549331 -3071.006051
1.375000 3.750000 4.246822 445.283251 -3024.174397
1.375000 3.875000 4.624844 221.115016 -3001.250046
1.375000 4.000000 5.000000

1.500000 0.000000 5.000000
1.500000 0.125000 3.842770 216.523098 9340.902812
1.500000 0.250000 2.675157 414.492020 9506.114254
1.500000 0.375000 1.486893 573.223067 9749.578861
1.500000 0.500000 0.268196 668.394029 10059.467875
1.500000 0.625000 -0.989238 672.554089 10406.928079
1.500000 0.750000 -2.290104 560.649641 10733.582218
1.500000 0.875000 -3.631802 324.984719 10945.587980
1.500000 1.000000 -5.000000 -0.000000 -0.000000
1.500000 1.125000 -5.000000 -0.000000 -0.000000
1.500000 1.250000 -5.000000 -0.000000 -0.000000
1.500000 1.375000 -5.000000 -0.000000 -0.000000
1.500000 1.500000 -5.000000 -0.000000 -0.000000
1.500000 1.625000 -5.000000 -0.000000 -0.000000
1.500000 1.750000 -5.000000 -0.000000 -0.000000
1.500000 1.875000 -5.000000 -0.000000 -0.000000
1.500000 2.000000 -5.000000 -0.000000 -8722.355235
1.500000 2.125000 -3.909706 875.308741 -8249.868709
1.500000 2.250000 -2.878472 1561.790761 -7510.257925
1.500000 2.375000 -1.939690 1986.239640 -6708.989517
1.500000 2.500000 -1.101066 2170.823660 -5969.350007
1.500000 2.625000 -0.354897 2176.923003 -5340.638039
1.500000 2.750000 0.312682 2067.291901 -4828.841696
1.500000 2.875000 0.916288 1890.947307 -4421.071458
1.500000 3.000000 1.468922 1681.143065 -4099.346110
1.500000 3.125000 1.981340 1458.343397 -3846.782807
1.500000 3.250000 2.462188 1234.058918 -3649.662218
1.500000 3.375000 2.918395 1014.032572 -3497.630422
1.500000 3.500000 3.355599 800.489468 -3383.226032
1.500000 3.625000 3.778503 593.595429 -3301.272130
1.500000 3.750000 4.191162 392.353752 -3248.342632
1.500000 3.875000 4.597204 195.137447 -3222.365062
1.500000 4.000000 5.000000

1.625000 0.000000 5.000000
1.625000 0.125000 3.815705 152.012383 9538.871734
1.625000 0.250000 2.623346 288.518453 9664.845301
1.625000 0.375000 1.415240 393.318545 9844.749823
1.625000 0.500000 0.184647 449.515916 10063.627936
1.625000 0.625000 -1.073307 441.158394 10295.023631
1.625000 0.750000 -2.360185 357.755977 10497.917295
1.625000 0.875000 -3.672425 202.298753 10620.603261
1.625000 1.000000 -5.000000 -0.000000 -0.000000
1.625000 1.125000 -5.000000 -0.000000 -0.000000
1.625000 1.250000 -5.000000 -0.000000 -0.000000
1.625000 1.375000 -5.000000 -0.000000 -0.000000
1.625000 1.500000 -5.000000 -0.000000 -0.000000
1.625000 1.625000 -5.000000 -0.000000 -0.000000
1.625000 1.750000 -5.000000 -0.000000 -0.000000
1.625000 1.875000 -5.000000 -0.000000 -0.000000
1.625000 2.000000 -5.000000 -0.000000 -7847.046495
1.625000 2.125000 -4.019119 591.648935 -7563.386689
1.625000 2.250000 -3.073696 1084.213119 -7085.809047
1.625000 2.375000 -2.187970 1424.836089 -6524.405496
1.625000 2.500000 -1.372419 1609.668829 -5963.250664
1.625000 2.625000 -0.627013 1663.941479 -5450.269141
1.625000 2.750000 0.054271 1622.209051 -5005.186291
1.625000 2.875000 0.679919 1516.636717 -4630.875700
1.625000 3.000000 1.258779 1372.413144 -4322.145778
1.625000 3.125000 1.799047 1207.264906 -4071.067287
1.625000 3.250000 2.307930 1032.680195 -3869.688564
1.625000 3.375000 2.791641 855.517535 -3711.173526
1.625000 3.500000 3.255538 679.436011 -3590.120070
1.625000 3.625000 3.704303 505.989167 -3502.513807
1.625000 3.750000 4.142117 335.398881 -3445.558937
1.625000 3.875000 4.572812 167.081020 -3417.502510
1.625000 4.000000 5.000000

1.750000 0.000000 5.000000
1.750000 0.125000 3.796703 103.007980 9675.377805
1.750000 0.250000 2.587281 194.250866 9769.645392
1.750000 0.375000 1.366075 262.016743 9900.947194
1.750000 0.500000 0.128457 295.192696 10055.270414
1.750000 0.625000 -1.128452 284.807593 10211.621214
1.750000 0.750000 -2.404904 226.917119 10342.460071
1.750000 0.875000 -3.697712 126.454315 10418.304509
1.750000 1.000000 -5.000000 -0.000000 -0.000000
1.750000 1.125000 -5.000000 -0.000000 -0.000000
1.750000 1.250000 -5.000000 -0.000000 -0.000000
1.750000 1.375000 -5.000000 -0.000000 -0.000000
1.750000 1.500000 -5.000000 -0.000000 -0.000000
1.750000 1.625000 -5.000000 -0.000000 -0.000000
1.750000 1.750000 -5.000000 -0.000000 -0.000000
1.750000 1.875000 -5.000000 -0.000000 -0.000000
1.750000 2.000000 -5.000000 -0.000000 -7255.397559
1.750000 2.125000 -4.093075 407.073881 -7070.822505
1.750000 2.250000 -3.209222 758.576691 -6745.186077
1.750000 2.375000 -2.366074 1019.222768 -6339.572756
1.750000 2.500000 -1.573628 1179.074087 -5908.978014
1.750000 2.625000 -0.835005 1246.965033 -5492.001568
1.750000 2.750000 -0.148505 1240.966108 -5110.758625
1.750000 2.875000 0.490340 1180.977365 -4775.099273
1.750000 3.000000 1.087227 1084.607886 -4487.294016
1.750000 3.125000 1.648139 965.622889 -4245.651998
1.750000 3.250000 2.178845 833.879420 -4046.851224
1.750000 3.375000 2.684702 695.921360 -3887.255050
1.750000 3.500000 3.170609 555.747875 -3763.566914
1.750000 3.625000 3.641054 415.526346 -3673.104093
1.750000 3.750000 4.100192 276.171586 -3613.876798
1.750000 3.875000 4.551927 137.787753 -3584.583530
1.750000 4.000000 5.000000

1.875000 0.000000 5.000000
1.875000 0.125000 3.783827 65.768671 9766.620691
1.875000 0.250000 2.563000 123.460287 9837.411269
1.875000 0.375000 1.333323 165.304865 9934.123147
1.875000 0.500000 0.091558 184.430532 10044.885311
1.875000 0.625000 -1.164053 175.962164 10153.730740
1.875000 0.750000 -2.433269 138.650592 10241.997267
1.875000 0.875000 -3.713519 76.601389 10291.850193
1.875000 1.000000 -5.000000 -0.000000 -0.000000
1.875000 1.125000 -5.000000 -0.000000 -0.000000
1.875000 1.250000 -5.000000 -0.000000 -0.000000
1.875000 1.375000 -5.000000 -0.000000 -0.000000
1.875000 1.500000 -5.000000 -0.000000 -0.000000
1.875000 1.625000 -5.000000 -0.000000 -0.000000
1.875000 1.750000 -5.000000 -0.000000 -0.000000
1.875000 1.875000 -5.000000 -0.000000 -0.000000
1.875000 2.000000 -5.000000 -0.000000 -6848.323679
1.875000 2.125000 -4.143960 278.069897 -6719.319695
1.875000 2.250000 -3.304045 523.796996 -6484.539999
1.875000 2.375000 -2.493477 714.404207 -6179.721438
1.875000 2.500000 -1.721012 840.439716 -5841.087068
1.875000 2.625000 -0.990876 903.878459 -5498.000493
1.875000 2.750000 -0.303626 913.712983 -5170.747368
1.875000 2.875000 0.342717 881.698748 -4871.468752
1.875000 3.000000 0.951651 819.418147 -4606.279013
1.875000 3.125000 1.527436 736.739341 -4377.395466
1.875000 3.250000 2.074610 641.293238 -4184.809284
1.875000 3.375000 2.597712 538.540611 -4027.428535
1.875000 3.500000 3.101140 432.107784 -3903.788443
1.875000 3.625000 3.589114 324.196755 -3812.458853
1.875000 3.750000 4.065671 215.973365 -3752.260631
1.875000 3.875000 4.534704 107.898405 -3722.371283
1.875000 4.000000 5.000000

2.000000 0.000000 5.000000
2.000000 0.125000 3.775606 36.606417 9824.312307
2.000000 0.250000 2.547567 68.516747 9879.255847
2.000000 0.375000 1.312660 91.311899 9953.248814
2.000000 0.500000 0.068504 101.262403 10036.416943
2.000000 0.625000 -1.186048 95.959939 10116.419168
2.000000 0.750000 -2.450600 75.121697 10179.948064
2.000000 0.875000 -3.723094 41.300648 10215.248804
2.000000 1.000000 -5.000000 -0.000000 -0.000000
2.000000 1.125000 -5.000000 -0.000000 -0.000000
2.000000 1.250000 -5.000000 -0.000000 -0.000000
2.000000 1.375000 -5.000000 -0.000000 -0.000000
2.000000 1.500000 -5.000000 -0.000000 -0.000000
2.000000 1.625000 -5.000000 -0.000000 -0.000000
2.000000 1.750000 -5.000000 -0.000000 -0.000000
2.000000 1.875000 -5.000000 -0.000000 -0.000000
2.000000 2.000000 -5.000000 -0.000000 -6570.253782
2.000000 2.125000 -4.178718 181.408711 -6473.592596
2.000000 2.250000 -3.369519 344.137188 -6293.932788
2.000000 2.375000 -2.582778 474.157347 -6053.685928
2.000000 2.500000 -1.826067 564.402114 -5777.648326
2.000000 2.625000 -1.103861 614.396102 -5488.165969
2.000000 2.750000 -0.417840 628.308618 -5202.761603
2.000000 2.875000 0.232505 612.686498 -4933.749353
2.000000 3.000000 0.849224 574.626614 -4688.957819
2.000000 3.125000 1.435344 520.623092 -4472.841569
2.000000 3.250000 1.994449 456.013581 -4287.561912
2.000000 3.375000 2.530394 384.840061 -4133.861362
2.000000 3.500000 3.047127 309.945893 -4011.699471
2.000000 3.625000 3.548589 233.179528 -3920.682243
2.000000 3.750000 4.038674 155.626712 -3860.335591
2.000000 3.875000 4.521216 77.832502 -3830.269688
2.000000 4.000000 5.000000

2.125000 0.000000 5.000000
2.125000 0.125000 3.771030 12.140250 9856.222637
2.125000 0.250000 2.539003 22.688384 9902.051000
2.125000 0.375000 1.301246 30.163582 9963.199317
2.125000 0.500000 0.055846 33.347241 10031.114479
2.125000 0.625000 -1.198043 31.493492 10095.580926
2.125000 0.750000 -2.459991 24.575608 10146.127015
2.125000 0.875000 -3.728256 13.479507 10173.948156
2.125000 1.000000 -5.000000 -0.000000 -0.000000
2.125000 1.125000 -5.000000 -0.000000 -0.000000
2.125000 1.250000 -5.000000 -0.000000 -0.000000
2.125000 1.375000 -5.000000 -0.000000 -0.000000
2.125000 1.500000 -5.000000 -0.000000 -0.000000
2.125000 1.625000 -5.000000 -0.000000 -0.000000
2.125000 1.750000 -5.000000 -0.000000 -0.000000
2.125000 1.875000 -5.000000 -0.000000 -0.000000
2.125000 2.000000 -5.000000 -0.000000 -6388.845071
2.125000 2.125000 -4.201394 103.427758 -6310.864119
2.125000 2.250000 -3.412536 197.185698 -6163.912629
2.125000 2.375000 -2.642047 273.685878 -5963.441161
2.125000 2.500000 -1.896617 328.615291 -5727.654338
2.125000 2.625000 -1.180660 360.995216 -5474.253453
2.125000 2.750000 -0.496379 372.438888 -5218.383723
2.125000 2.875000 0.155919 366.112011 -4971.809236
2.125000 3.000000 0.777395 345.778719 -4742.961341
2.125000 3.125000 1.370266 315.112830 -4537.451080
2.125000 3.250000 1.937447 277.297933 -4358.735432
2.125000 3.375000 2.482289 234.860159 -4208.755530
2.125000 3.500000 3.008383 189.656200 -4088.465837
2.125000 3.625000 3.519442 142.948750 -3998.235059
2.125000 3.750000 4.019221 95.521453 -3938.129800
2.125000 3.875000 4.511487 47.804893 -3908.102191
2.125000 4.000000 5.000000

2.250000 0.000000 5.000000
2.250000 0.125000 3.769513 -10.733801 9866.770770
2.250000 0.250000 2.536167 -20.067044 9909.526198
2.250000 0.375000 1.297476 -26.693197 9966.382976
2.250000 0.500000 0.051678 -29.530514 10029.260731
2.250000 0.625000 -1.201980 -27.908818 10088.663042
2.250000 0.750000 -2.463063 -21.792264 10135.030914
2.250000 0.875000 -3.729941 -11.958228 10160.468649
2.250000 1.000000 -5.000000 -0.000000 -0.000000
2.250000 1.125000 -5.000000 -0.000000 -0.000000
2.250000 1.250000 -5.000000 -0.000000 -0.000000
2.250000 1.375000 -5.000000 -0.000000 -0.000000
2.250000 1.500000 -5.000000 -0.000000 -0.000000
2.250000 1.625000 -5.000000 -0.000000 -0.000000
2.250000 1.750000 -5.000000 -0.000000 -0.000000
2.250000 1.875000 -5.000000 -0.000000 -0.000000
2.250000 2.000000 -5.000000 -0.000000 -6285.417313
2.250000 2.125000 -4.214323 35.116625 -6217.106179
2.250000 2.250000 -3.437185 67.491969 -6087.412449
2.250000 2.375000 -2.676258 94.785178 -5908.511749
2.250000 2.500000 -1.937694 115.377954 -5695.274412
2.250000 2.625000 -1.225785 128.530585 -5462.809781
2.250000 2.750000 -0.542934 134.339708 -5224.710601
2.250000 2.875000 0.110155 133.543939 -4992.142528
2.250000 3.000000 0.734173 127.263421 -4773.627231
2.250000 3.125000 1.330877 116.751576 -4575.265976
2.250000 3.250000 1.902785 103.205163 -4401.173206
2.250000 3.375000 2.452931 87.646441 -4253.959489
2.250000 3.500000 2.984676 70.869997 -4135.173287
2.250000 3.625000 3.501573 53.437819 -4045.662355
2.250000 3.750000 4.007281 35.705459 -3985.846361
2.250000 3.875000 4.505512 17.865616 -3955.907083
2.250000 4.000000 5.000000

2.375000 0.000000 5.000000
2.375000 0.125000 3.770855 -35.008410 9857.437528
2.375000 0.250000 2.538675 -65.529560 9902.900044
2.375000 0.375000 1.300812 -87.338813 9963.545659
2.375000 0.500000 0.055369 -96.867282 10030.882427
2.375000 0.625000 -1.198491 -91.805988 10094.779596
2.375000 0.750000 -2.460339 -71.877617 10144.864950
2.375000 0.875000 -3.728447 -39.520155 10172.426877
2.375000 1.000000 -5.000000 -0.000000 -0.000000
2.375000 1.125000 -5.000000 -0.000000 -0.000000
2.375000 1.250000 -5.000000 -0.000000 -0.000000
2.375000 1.375000 -5.000000 -0.000000 -0.000000
2.375000 1.500000 -5.000000 -0.000000 -0.000000
2.375000 1.625000 -5.000000 -0.000000 -0.000000
2.375000 1.750000 -5.000000 -0.000000 -0.000000
2.375000 1.875000 -5.000000 -0.000000 -0.000000
2.375000 2.000000 -5.000000 -0.000000 -6250.300688
2.375000 2.125000 -4.218712 -30.453228 -6184.730835
2.375000 2.250000 -3.445621 -57.119626 -6060.119241
2.375000 2.375000 -2.688106 -77.415091 -5887.918972
2.375000 2.500000 -1.952116 -90.419235 -5682.121782
2.375000 2.625000 -1.241851 -96.590540 -5457.000657
2.375000 2.750000 -0.559726 -97.154579 -5225.506370
2.375000 2.875000 0.093462 -93.539385 -4998.423046
2.375000 3.000000 0.718265 -87.020548 -4784.139076
2.375000 3.125000 1.316283 -78.575112 -4588.812388
2.375000 3.250000 1.889884 -68.875297 -4416.731928
2.375000 3.375000 2.441976 -58.349554 -4270.735933
2.375000 3.500000 2.975818 -47.260471 -4152.605465
2.375000 3.625000 3.494893 -35.772931 -4063.394715
2.375000 3.750000 4.002818 -24.003053 -4003.686204
2.375000 3.875000 4.503278 -12.047889 -3973.772699
2.375000 4.000000 5.000000

2.500000 0.000000 5.000000
2.500000 0.125000 3.775231 -63.770280 9826.916378
2.500000 0.250000 2.546866 -119.703972 9881.090791
2.500000 0.375000 1.311730 -160.265211 9954.017190
2.500000 0.500000 0.067478 -178.793813 10035.943721
2.500000 0.625000 -1.187015 -170.570233 10114.707967
2.500000 0.750000 -2.451354 -134.392063 10177.222412
2.500000 0.875000 -3.723507 -74.244775 10211.947032
2.500000 1.000000 -5.000000 -0.000000 -0.000000
2.500000 1.125000 -5.000000 -0.000000 -0.000000
2.500000 1.250000 -5.000000 -0.000000 -0.000000
2.500000 1.375000 -5.000000 -0.000000 -0.000000
2.500000 1.500000 -5.000000 -0.000000 -0.000000
2.500000 1.625000 -5.000000 -0.000000 -0.000000
2.500000 1.750000 -5.000000 -0.000000 -0.000000
2.500000 1.875000 -5.000000 -0.000000 -0.000000
2.500000 2.000000 -5.000000 -0.000000 -6280.753916
2.500000 2.125000 -4.214906 -99.809911 -6211.397233
2.500000 2.250000 -3.438481 -188.102152 -6080.414706
2.500000 2.375000 -2.678429 -256.906681 -5900.923116
2.500000 2.500000 -1.940814 -303.049264 -5688.293087
2.500000 2.625000 -1.229777 -327.318931 -5457.564696
2.500000 2.750000 -0.547582 -332.828099 -5221.891176
2.500000 2.875000 0.105155 -323.526352 -4991.904209
2.500000 3.000000 0.729143 -303.231117 -4775.693640
2.500000 3.125000 1.326104 -275.156180 -4579.112573
2.500000 3.250000 1.898494 -241.781683 -4406.206186
2.500000 3.375000 2.449269 -204.908890 -4259.646850
2.500000 3.500000 2.981725 -165.789394 -4141.117926
2.500000 3.625000 3.499365 -125.266020 -4051.624837
2.500000 3.750000 4.005818 -83.896852 -3991.731039
2.500000 3.875000 4.504784 -42.054119 -3961.724810
2.500000 4.000000 5.000000

2.625000 0.000000 5.000000
2.625000 0.125000 3.783202 -100.368737 9770.982686
2.625000 0.250000 2.561829 -189.250839 9840.529552
2.625000 0.375000 1.331763 -255.224247 9935.488588
2.625000 0.500000 0.089827 -287.472527 10044.167302
2.625000 0.625000 -1.165694 -277.289068 10150.886137
2.625000 0.750000 -2.434555 -220.875626 10237.369700
2.625000 0.875000 -3.714226 -123.066883 10286.191807
2.625000 1.000000 -5.000000 -0.000000 -0.000000
2.625000 1.125000 -5.000000 -0.000000 -0.000000
2.625000 1.250000 -5.000000 -0.000000 -0.000000
2.625000 1.375000 -5.000000 -0.000000 -0.000000
2.625000 1.500000 -5.000000 -0.000000 -0.000000
2.625000 1.625000 -5.000000 -0.000000 -0.000000
2.625000 1.750000 -5.000000 -0.000000 -0.000000
2.625000 1.875000 -5.000000 -0.000000 -0.000000
2.625000 2.000000 -5.000000 -0.000000 -6380.563827
2.625000 2.125000 -4.202430 -180.684264 -6299.689474
2.625000 2.250000 -3.414968 -338.572390 -6149.219236
2.625000 2.375000 -2.646316 -459.060218 -5947.065699
2.625000 2.500000 -1.902933 -537.552209 -5712.562754
2.625000 2.625000 -1.188862 -576.807822 -5463.073864
2.625000 2.750000 -0.505978 -583.312534 -5212.589429
2.625000 2.875000 0.145596 -564.506808 -4971.608974
2.625000 3.000000 0.767047 -527.221386 -4747.618704
2.625000 3.125000 1.360499 -477.036809 -4545.738075
2.625000 3.250000 1.928716 -418.186366 -4369.333392
2.625000 3.375000 2.474883 -353.714928 -4220.527354
2.625000 3.500000 3.002449 -285.722196 -4100.594552
2.625000 3.625000 3.515023 -215.604903 -4010.255669
2.625000 3.750000 4.016305 -144.264214 -3949.888306
2.625000 3.875000 4.510041 -72.271734 -3919.670691
2.625000 4.000000 5.000000

2.750000 0.000000 5.000000
2.750000 0.125000 3.795748 -148.453830 9682.100584
2.750000 0.250000 2.585485 -281.706398 9774.556143
2.750000 0.375000 1.363666 -383.908412 9903.240308
2.750000 0.500000 0.125761 -438.582980 10054.350761
2.750000 0.625000 -1.131033 -430.237886 10207.299579
2.750000 0.750000 -2.406945 -348.754489 10335.178442
2.750000 0.875000 -3.698843 -197.147131 10409.258691
2.750000 1.000000 -5.000000 -0.000000 -0.000000
2.750000 1.125000 -5.000000 -0.000000 -0.000000
2.750000 1.250000 -5.000000 -0.000000 -0.000000
2.750000 1.375000 -5.000000 -0.000000 -0.000000
2.750000 1.500000 -5.000000 -0.000000 -0.000000
2.750000 1.625000 -5.000000 -0.000000 -0.000000
2.750000 1.750000 -5.000000 -0.000000 -0.000000
2.750000 1.875000 -5.000000 -0.000000 -0.000000
2.750000 2.000000 -5.000000 -0.000000 -6561.248091
2.750000 2.125000 -4.179844 -284.354755 -6457.577600
2.750000 2.250000 -3.372647 -526.442926 -6269.707064
2.750000 2.375000 -2.588933 -703.209592 -6025.557690
2.750000 2.500000 -1.835739 -811.291532 -5751.818367
2.750000 2.625000 -1.116761 -859.047613 -5469.578576
2.750000 2.750000 -0.433064 -859.107407 -5193.783702
2.750000 2.875000 0.216159 -823.966958 -4934.323552
2.750000 3.000000 0.832949 -764.110812 -4697.434126
2.750000 3.125000 1.420129 -687.583302 -4486.887633
2.750000 3.250000 1.980990 -600.212045 -4304.861955
2.750000 3.375000 2.519097 -506.042261 -4152.534622
2.750000 3.500000 3.038164 -407.779560 -4030.477258
2.750000 3.625000 3.541974 -307.167180 -3938.914981
2.750000 3.750000 4.034338 -205.283369 -3877.895826
2.750000 3.875000 4.519075 -102.768602 -3847.398958
2.750000 4.000000 5.000000

2.875000 0.000000 5.000000
2.875000 0.125000 3.814305 -211.740186 9548.848017
2.875000 0.250000 2.620699 -405.212510 9672.354129
2.875000 0.375000 1.411655 -560.120022 9848.565740
2.875000 0.500000 0.180584 -652.713096 10062.695855
2.875000 0.625000 -1.077253 -656.325008 10288.782976
2.875000 0.750000 -2.363351 -546.757312 10486.785800
2.875000 0.875000 -3.674199 -316.767153 10606.405822
2.875000 1.000000 -5.000000 -0.000000 -0.000000
2.875000 1.125000 -5.000000 -0.000000 -0.000000
2.875000 1.250000 -5.000000 -0.000000 -0.000000
2.875000 1.375000 -5.000000 -0.000000 -0.000000
2.875000 1.500000 -5.000000 -0.000000 -0.000000
2.875000 1.625000 -5.000000 -0.000000 -0.000000
2.875000 1.750000 -5.000000 -0.000000 -0.000000
2.875000 1.875000 -5.000000 -0.000000 -0.000000
2.875000 2.000000 -5.000000 -0.000000 -6845.602846
2.875000 2.125000 -4.144300 -430.291832 -6699.665770
2.875000 2.250000 -3.306841 -779.634966 -6446.473730
2.875000 2.375000 -2.501032 -1016.043692 -6133.639630
2.875000 2.500000 -1.734327 -1145.356713 -5799.574449
2.875000 2.625000 -1.009380 -1188.983693 -5469.638369
2.875000 2.750000 -0.325676 -1170.102524 -5158.643253
2.875000 2.875000 0.319155 -1108.142804 -4874.467407
2.875000 3.000000 0.928463 -1017.671604 -4620.906616
2.875000 3.125000 1.506077 -908.973542 -4399.516376
2.875000 3.250000 2.056016 -789.036249 -4210.692171
2.875000 3.375000 2.582353 -662.462512 -4054.271921
2.875000 3.500000 3.089137 -532.186602 -3929.864878
2.875000 3.625000 3.580370 -400.000889 -3837.031170
2.875000 3.750000 4.059999 -266.933480 -3775.381058
2.875000 3.875000 4.531921 -133.519304 -3744.630356
2.875000 4.000000 5.000000

3.000000 0.000000 5.000000
3.000000 0.125000 3.840772 -293.294405 9355.375694
3.000000 0.250000 2.671350 -567.283433 9517.446617
3.000000 0.375000 1.481670 -798.646072 9755.972666
3.000000 0.500000 0.262173 -955.824373 10059.083943
3.000000 0.625000 -0.995213 -995.591736 10398.350672
3.000000 0.750000 -2.295006 -865.182599 10716.775959
3.000000 0.875000 -3.634603 -523.164169 10923.172975
3.000000 1.000000 -5.000000 -0.000000 -0.000000
3.000000 1.125000 -5.000000 -0.000000 -0.000000
3.000000 1.250000 -5.000000 -0.000000 -0.000000
3.000000 1.375000 -5.000000 -0.000000 -0.000000
3.000000 1.500000 -5.000000 -0.000000 -0.000000
3.000000 1.625000 -5.000000 -0.000000 -0.000000
3.000000 1.750000 -5.000000 -0.000000 -0.000000
3.000000 1.875000 -5.000000 -0.000000 -0.000000
3.000000 2.000000 -5.000000 -0.000000 -7275.894678
3.000000 2.125000 -4.090513 -657.177606 -7049.008904
3.000000 2.250000 -3.209387 -1145.761413 -6682.882457
3.000000 2.375000 -2.374027 -1435.973498 -6262.952651
3.000000 2.500000 -1.591158 -1565.107936 -5843.201428
3.000000 2.625000 -0.860757 -1581.427920 -5450.757201
3.000000 2.750000 -0.179413 -1524.176191 -5096.683533
3.000000 2.875000 0.457673 -1420.830130 -4783.996207
3.000000 3.000000 1.055672 -1289.459255 -4512.208555
3.000000 3.125000 1.619698 -1141.603016 -4279.579082
3.000000 3.250000 2.154646 -984.496896 -4084.118434
3.000000 3.375000 2.665160 -822.584935 -3923.996011
3.000000 3.500000 3.155660 -658.503448 -3797.679165
3.000000 3.625000 3.630370 -493.716292 -3703.963762
3.000000 3.750000 4.093365 -328.930360 -3641.966882
3.000000 3.875000 4.548611 -164.375135 -3611.111052
3.000000 4.000000 5.000000

3.125000 0.000000 5.000000
3.125000 0.125000 3.877434 -394.154001 9081.386666
3.125000 0.250000 2.742261 -771.980745 9286.083978
3.125000 0.375000 1.581500 -1111.356458 9598.794365
3.125000 0.500000 0.381651 -1376.346588 10019.316580
3.125000 0.625000 -0.870764 -1505.034965 10528.759809
3.125000 0.750000 -2.186859 -1395.217180 11058.794389
3.125000 0.875000 -3.569208 -910.706924 11446.337144
3.125000 1.000000 -5.000000 -0.000000 -0.000000
3.125000 1.125000 -5.000000 -0.000000 -0.000000
3.125000 1.250000 -5.000000 -0.000000 -0.000000
3.125000 1.375000 -5.000000 -0.000000 -0.000000
3.125000 1.500000 -5.000000 -0.000000 -0.000000
3.125000 1.625000 -5.000000 -0.000000 -0.000000
3.125000 1.750000 -5.000000 -0.000000 -0.000000
3.125000 1.875000 -5.000000 -0.000000 -0.000000
3.125000 2.000000 -5.000000 -0.000000 -7933.072283
3.125000 2.125000 -4.008366 -1052.657178 -7537.592711
3.125000 2.250000 -3.066167 -1710.259581 -6973.094542
3.125000 2.375000 -2.194530 -2016.980951 -6392.087089
3.125000 2.500000 -1.395519 -2097.673614 -5859.521412
3.125000 2.625000 -0.663079 -2047.443859 -5393.505472
3.125000 2.750000 0.011109 -1924.344192 -4993.337471
3.125000 2.875000 0.635276 -1761.542269 -4652.625332
3.125000 3.000000 1.216855 -1577.732273 -4364.352315
3.125000 3.125000 1.762399 -1383.482368 -4122.472963
3.125000 3.250000 2.277708 -1184.763386 -3922.206473
3.125000 3.375000 2.767984 -984.876885 -3759.914524
3.125000 3.500000 3.237973 -785.525964 -3632.892008
3.125000 3.625000 3.692084 -587.430471 -3539.177830
3.125000 3.750000 4.134482 -390.696533 -3477.411657
3.125000 3.875000 4.569158 -195.050874 -3446.735917
3.125000 4.000000 5.000000

3.250000 0.000000 5.000000
3.250000 0.125000 3.926703 -511.340856 8703.559923
3.250000 0.250000 2.838758 -1015.129086 8946.708264
3.250000 0.375000 1.720420 -1498.452429 9333.804235
3.250000 0.500000 0.553694 -1933.170557 9890.628203
3.250000 0.625000 -0.682634 -2252.984355 10638.577593
3.250000 0.750000 -2.012456 -2299.944232 11543.304645
3.250000 0.875000 -3.455369 -1724.446347 12357.044068
3.250000 1.000000 -5.000000 -0.000000 -0.000000
3.250000 1.125000 -5.000000 -0.000000 -0.000000
3.250000 1.250000 -5.000000 -0.000000 -0.000000
3.250000 1.375000 -5.000000 -0.000000 -0.000000
3.250000 1.500000 -5.000000 -0.000000 -0.000000
3.250000 1.625000 -5.000000 -0.000000 -0.000000
3.250000 1.750000 -5.000000 -0.000000 -0.000000
3.250000 1.875000 -5.000000 -0.000000 -0.000000
3.250000 2.000000 -5.000000 -0.000000 -8985.729461
3.250000 2.125000 -3.876784 -1843.191525 -8195.195114
3.250000 2.250000 -2.852384 -2625.638784 -7279.815912
3.250000 2.375000 -1.942407 -2824.017113 -6472.779751
3.250000 2.500000 -1.133310 -2761.161708 -5809.291657
3.250000 2.625000 -0.407149 -2586.329712 -5270.405805
3.250000 2.750000 0.251652 -2364.214449 -4830.535548
3.250000 2.875000 0.855469 -2123.262480 -4468.815337
3.250000 3.000000 1.414071 -1876.445200 -4170.102410
3.250000 3.125000 1.935334 -1629.830798 -3923.753980
3.250000 3.250000 2.425803 -1386.197394 -3722.319972
3.250000 3.375000 2.891093 -1146.633254 -3560.563603
3.250000 3.500000 3.336164 -911.293053 -3434.796515
3.250000 3.625000 3.765513 -679.783093 -3342.443892
3.250000 3.750000 4.183319 -451.374427 -3281.765998
3.250000 3.875000 4.593539 -225.131829 -3251.685043
3.250000 4.000000 5.000000

3.375000 0.000000 5.000000
3.375000 0.125000 3.990621 -636.080337 8199.771693
3.375000 0.250000 2.965650 -1278.742313 8463.384920
3.375000 0.375000 1.907726 -1934.153617 8899.086108
3.375000 0.500000 0.795341 -2604.898854 9570.814405
3.375000 0.625000 -0.401011 -3273.787667 10591.617717
3.375000 0.750000 -1.724963 -3827.129044 12118.802529
3.375000 0.875000 -3.239814 -3687.134234 14081.490416
3.375000 1.000000 -5.000000 -0.000000 -0.000000
3.375000 1.125000 -5.000000 -0.000000 -0.000000
3.375000 1.250000 -5.000000 -0.000000 -0.000000
3.375000 1.375000 -5.000000 -0.000000 -0.000000
3.375000 1.500000 -5.000000 -0.000000 -0.000000
3.375000 1.625000 -5.000000 -0.000000 -0.000000
3.375000 1.750000 -5.000000 -0.000000 -0.000000
3.375000 1.875000 -5.000000 -0.000000 -0.000000
3.375000 2.000000 -5.000000 -0.000000 -10828.920986
3.375000 2.125000 -3.646385 -3694.470138 -8977.642373
3.375000 2.250000 -2.524180 -4125.086915 -7478.194241
3.375000 2.375000 -1.589405 -3892.287008 -6409.924346
3.375000 2.500000 -0.788165 -3536.626393 -5634.459661
3.375000 2.625000 -0.083857 -3172.498831 -5048.290542
3.375000 2.750000 0.547179 -2822.921410 -4589.583580
3.375000 2.875000 1.120877 -2490.848004 -4221.998056
3.375000 3.000000 1.648627 -2174.955248 -3923.488008
3.375000 3.125000 2.139063 -1873.198229 -3680.120576
3.375000 3.250000 2.599078 -1583.562137 -3482.755833
3.375000 3.375000 3.034422 -1304.165685 -3325.223402
3.375000 3.500000 3.450075 -1033.229900 -3203.286555
3.375000 3.625000 3.850486 -769.034423 -3114.035225
3.375000 3.750000 4.239740 -509.886251 -3055.523401
3.375000 3.875000 4.621681 -254.102016 -3026.553214
3.375000 4.000000 5.000000

3.500000 0.000000 5.000000
3.500000 0.125000 4.070131 -754.238180 7557.109718
3.500000 0.250000 3.125492 -1529.606210 7807.973616
3.500000 0.375000 2.149496 -2354.520873 8228.340871
3.500000 0.500000 1.120953 -3278.483575 8901.925592
3.500000 0.625000 0.008212 -4410.138414 10038.276339
3.500000 0.750000 -1.246572 -6047.650044 12258.797339
3.500000 0.875000 -2.778922 -9196.961544 17768.624650
3.500000 1.000000 -5.000000 -17859.759120 -0.000000
3.500000 1.125000 -5.000000 -14255.454146 -0.000000
3.500000 1.250000 -5.000000 -12636.955407 -0.000000
3.500000 1.375000 -5.000000 -11881.525961 -0.000000
3.500000 1.500000 -5.000000 -11600.459419 -0.000000
3.500000 1.625000 -5.000000 -11680.492514 -0.000000
3.500000 1.750000 -5.000000 -12175.846578 -0.000000
3.500000 1.875000 -5.000000 -13374.799121 -0.000000
3.500000 2.000000 -5.000000 -16159.098586 -14523.391124
3.500000 2.125000 -3.184576 -8809.602111 -9408.259151
3.500000 2.250000 -2.008544 -6287.951732 -7245.394334
3.500000 2.375000 -1.102869 -5083.417611 -6054.263731
3.500000 2.500000 -0.346086 -4320.558023 -5270.332100
3.500000 2.625000 0.312705 -3744.117811 -4698.713121
3.500000 2.750000 0.900044 -3264.124357 -4257.510174
3.500000 2.875000 1.432233 -2842.252878 -3906.105299
3.500000 3.000000 1.920496 -2459.329558 -3621.730989
3.500000 3.125000 2.373213 -2104.444734 -3390.484485
3.500000 3.250000 2.797023 -1770.687242 -3203.359380
3.500000 3.375000 3.197443 -1453.237448 -3054.287617
3.500000 3.500000 3.579229 -1148.426439 -2939.091078
3.500000 3.625000 3.946615 -853.238448 -2854.887053
3.500000 3.750000 4.303476 -565.034140 -2799.739165
3.500000 3.875000 4.653444 -281.389983 -2772.451198
3.500000 4.000000 5.000000

3.625000 0.000000 5.000000
3.625000 0.125000 4.164411 -851.266173 6781.741688
3.625000 0.250000 3.316693 -1730.923476 6983.058953
3.625000 0.375000 2.443811 -2675.840088 7304.378169
3.625000 0.500000 1.530763 -3744.376158 7770.270753
3.625000 0.625000 0.559480 -5040.632371 8400.764709
3.625000 0.750000 -0.490616 -6756.371175 9109.485839
3.625000 0.875000 -1.629302 -9193.302780 9105.827075
3.625000 1.000000 -2.767530 -12358.237018 3604.304974
3.625000 1.125000 -3.218068 -12269.647911 1618.498739
3.625000 1.250000 -3.420381 -11773.886115 755.429447
3.625000 1.375000 -3.514809 -11407.163056 281.066542
3.625000 1.500000 -3.549943 -11239.359782 -80.033095
3.625000 1.625000 -3.539938 -11265.171545 -495.354064
3.625000 1.750000 -3.478019 -11472.248100 -1198.952543
3.625000 1.875000 -3.328150 -11789.452199 -2784.299465
3.625000 2.000000 -2.980113 -11769.503403 -7173.894648
3.625000 2.125000 -2.083376 -9096.887986 -6886.608773
3.625000 2.250000 -1.222550 -7133.700293 -6040.860213
3.625000 2.375000 -0.467442 -5832.873681 -5291.404143
3.625000 2.500000 0.193983 -4918.070278 -4693.891888
3.625000 2.625000 0.780720 -4219.290033 -4218.719666
3.625000 2.750000 1.308060 -3647.205329 -3835.638695
3.625000 2.875000 1.787515 -3154.709595 -3523.181978
3.625000 3.000000 2.227912 -2715.665370 -3266.846166
3.625000 3.125000 2.636268 -2314.563906 -3056.726993
3.625000 3.250000 3.018359 -1941.504649 -2885.909586
3.625000 3.375000 3.379098 -1589.670425 -2749.476608
3.625000 3.500000 3.722782 -1253.999959 -2643.903088
3.625000 3.625000 4.053270 -930.458791 -2566.682745
3.625000 3.750000 4.374105 -615.621877 -2516.095008
3.625000 3.875000 4.688617 -306.423776 -2491.061215
3.625000 4.000000 5.000000

3.750000 0.000000 5.000000
3.750000 0.125000 4.270819 -919.903036 5902.084385
3.750000 0.250000 3.533059 -1866.981432 6038.142341
3.750000 0.375000 2.778291 -2873.539847 6235.842100
3.750000 0.500000 1.998810 -3982.548598 6474.014540
3.750000 0.625000 1.189559 -5251.643736 6685.025905
3.750000 0.750000 0.353930 -6743.899504 6672.554234
3.750000 0.875000 -0.480139 -8461.641382 5940.892836
3.750000 1.000000 -1.222750 -10110.238263 3692.894081
3.750000 1.125000 -1.684362 -10691.014365 2114.260535
3.750000 1.250000 -1.948645 -10781.778086 1122.152506
3.750000 1.375000 -2.088914 -10733.880365 448.869815
3.750000 1.500000 -2.145023 -10684.645109 -105.844858
3.750000 1.625000 -2.131792 -10668.585782 -702.430620
3.750000 1.750000 -2.043988 -10658.522079 -1516.156641
3.750000 1.875000 -1.854469 -10541.258171 -2764.350669
3.750000 2.000000 -1.508925 -10032.574840 -4501.279231
3.750000 2.125000 -0.946265 -8674.746138 -4923.421080
3.750000 2.250000 -0.330837 -7317.087772 -4740.033600
3.750000 2.375000 0.261667 -6196.306541 -4376.600740
3.750000 2.500000 0.808742 -5299.559375 -3995.111643
3.750000 2.625000 1.308131 -4567.766714 -3646.634962
3.750000 2.750000 1.763960 -3950.697329 -3343.142962
3.750000 2.875000 2.181853 -3413.714803 -3084.137754
3.750000 3.000000 2.567370 -2934.058423 -2865.744701
3.750000 3.125000 2.925589 -2496.640871 -2683.667736
3.750000 3.250000 3.261047 -2091.097023 -2534.075362
3.750000 3.375000 3.577806 -1709.939645 -2413.806142
3.750000 3.500000 3.879532 -1347.444181 -2320.361920
3.750000 3.625000 4.169577 -998.974880 -2251.845831
3.750000 3.750000 4.451058 -660.570801 -2206.896907
3.750000 3.875000 4.726920 -328.683243 -2184.637439
3.750000 4.000000 5.000000

3.875000 0.000000 5.000000
3.875000 0.125000 4.385807 -961.364540 4955.005989
3.875000 0.250000 3.766431 -1943.559370 5031.583926
3.875000 0.375000 3.137483 -2968.789270 5126.833349
3.875000 0.500000 2.496629 -4060.634652 5204.919403
3.875000 0.625000 1.846014 -5239.494470 5192.770137
3.875000 0.750000 1.196918 -6505.941723 4954.812356
3.875000 0.875000 0.577566 -7799.124981 4292.295955
3.875000 1.000000 0.041029 -8930.060289 3112.117980
3.875000 1.125000 -0.347985 -9602.393198 2023.496813
3.875000 1.250000 -0.600923 -9928.331499 1170.050226
3.875000 1.375000 -0.747179 -10061.935211 498.105072
3.875000 1.500000 -0.809442 -10096.754506 -89.785531
3.875000 1.625000 -0.798219 -10066.004396 -692.366917
3.875000 1.750000 -0.711673 -9951.996262 -1398.892734
3.875000 1.875000 -0.536811 -9684.483568 -2255.667338
3.875000 2.000000 -0.254853 -9144.791650 -3143.450529
3.875000 2.125000 0.138078 -8252.433952 -3565.762714
3.875000 2.250000 0.583799 -7263.598117 -3619.252369
3.875000 2.375000 1.036205 -6335.705335 -3479.853574
3.875000 2.500000 1.471187 -5516.093966 -3263.318983
3.875000 2.625000 1.879102 -4801.520121 -3029.565577
3.875000 2.750000 2.257798 -4174.102470 -2806.160436
3.875000 2.875000 2.608568 -3615.393865 -2604.481374
3.875000 3.000000 2.934128 -3110.212647 -2428.327150
3.875000 3.125000 3.237669 -2646.844133 -2278.123888
3.875000 3.250000 3.522434 -2216.302929 -2152.917983
3.875000 3.375000 3.791549 -1811.546949 -2051.310678
3.875000 3.500000 4.047963 -1426.862240 -1971.892619
3.875000 3.625000 4.294449 -1057.425747 -1913.441752
3.875000 3.750000 4.533630 -699.003205 -1875.009349
3.875000 3.875000 4.768006 -347.738396 -1855.954196
3.875000 4.000000 5.000000

4.000000 0.000000 5.000000
4.000000 0.125000 4.505978 -981.995755 3972.811160
4.000000 0.250000 4.009376 -1977.102236 4006.354026
4.000000 0.375000 3.508582 -2997.423210 4034.987966
4.000000 0.500000 3.004208 -4051.706271 4026.059585
4.000000 0.625000 2.500951 -5139.757768 3926.322883
4.000000 0.750000 2.010161 -6241.247938 3661.629098
4.000000 0.875000 1.552457 -7298.856529 3161.360647
4.000000 1.000000 1.157287 -8208.484713 2439.785071
4.000000 1.125000 0.852314 -8860.166640 1697.558513
4.000000 1.250000 0.640119 -9267.219499 1036.446514
4.000000 1.375000 0.510563 -9488.774474 463.285777
4.000000 1.500000 0.452652 -9574.433308 -59.035421
4.000000 1.625000 0.460032 -9546.681035 -578.358782
4.000000 1.750000 0.532327 -9398.975004 -1131.380040
4.000000 1.875000 0.673749 -9099.888187 -1715.975420
4.000000 2.000000 0.888246 -8609.674238 -2251.092831
4.000000 2.125000 1.169633 -7926.599905 -2576.926878
4.000000 2.250000 1.491749 -7149.165407 -2691.359588
4.000000 2.375000 1.828168 -6366.822718 -2660.242205
4.000000 2.500000 2.160699 -5627.591033 -2548.745138
4.000000 2.625000 2.479292 -4948.117332 -2402.147926
4.000000 2.750000 2.779560 -4328.798567 -2247.451830
4.000000 2.875000 3.060492 -3763.545540 -2099.300155
4.000000 3.000000 3.322904 -3244.554166 -1964.958636
4.000000 3.125000 3.568524 -2764.220086 -1847.582684
4.000000 3.250000 3.799472 -2315.723610 -1748.162003
4.000000 3.375000 4.017992 -1893.082983 -1666.625969
4.000000 3.500000 4.226321 -1491.032081 -1602.456127
4.000000 3.625000 4.426628 -1104.862664 -1555.019210
4.000000 3.750000 4.621005 -730.277874 -1523.744541
4.000000 3.875000 4.811473 -363.267138 -1508.215800
4.000000 4.000000 5.000000

4.125000 0.000000 5.000000
4.125000 0.125000 4.628727 -989.516245 2977.704679
4.125000 0.250000 4.256514 -1985.430609 2986.033052
4.125000 0.375000 3.883260 -2992.095063 2980.704905
4.125000 0.500000 3.510672 -4009.009453 2938.008088
4.125000 0.625000 3.143421 -5026.582393 2824.832713
4.125000 0.750000 2.790317 -6020.435731 2604.020507
4.125000 0.875000 2.464814 -6946.568486 2251.732463
4.125000 1.000000 2.183347 -7744.855392 1788.103143
4.125000 1.125000 1.959835 -8362.569152 1290.505654
4.125000 1.250000 1.798521 -8791.605384 814.891539
4.125000 1.375000 1.696660 -9051.509878 377.626943
4.125000 1.500000 1.649457 -9165.523218 -31.283148
4.125000 1.625000 1.653367 -9147.311433 -430.652751
4.125000 1.750000 1.707199 -8997.334532 -832.293223
4.125000 1.875000 1.811235 -8706.419940 -1225.761471
4.125000 2.000000 1.964455 -8267.417211 -1568.018498
4.125000 2.125000 2.160458 -7695.126024 -1799.492380
4.125000 2.250000 2.385394 -7039.640889 -1909.016898
4.125000 2.375000 2.624021 -6354.829095 -1921.010521
4.125000 2.500000 2.864148 -5679.330118 -1869.271436
4.125000 2.625000 3.097807 -5034.559606 -1782.829161
4.125000 2.750000 3.320660 -4429.428925 -1682.198803
4.125000 2.875000 3.530935 -3865.435562 -1580.308781
4.125000 3.000000 3.728474 -3340.238391 -1484.624556
4.125000 3.125000 3.914052 -2849.758434 -1399.086208
4.125000 3.250000 4.088937 -2389.288442 -1325.521376
4.125000 3.375000 4.254628 -1954.029292 -1264.575067
4.125000 3.500000 4.412700 -1539.320439 -1216.286710
4.125000 3.625000 4.564735 -1140.714955 -1180.434419
4.125000 3.750000 4.712290 -753.978487 -1156.733805
4.125000 3.875000 4.856881 -375.052281 -1144.948662
4.125000 4.000000 5.000000

4.250000 0.000000 5.000000
4.250000 0.125000 4.752417 -990.638616 1981.790315
4.250000 0.250000 4.504693 -1983.008893 1979.368599
4.250000 0.375000 4.257272 -2976.516980 1963.790515
4.250000 0.500000 4.011798 -3965.654085 1920.435148
4.250000 0.625000 3.771743 -4937.126621 1830.979375
4.250000 0.750000 3.542871 -5867.344108 1677.887752
4.250000 0.875000 3.333135 -6722.126292 1453.445558
4.250000 1.000000 3.151454 -7461.799216 1170.389382
4.250000 1.125000 3.005156 -8053.649192 861.469423
4.250000 1.250000 2.897472 -8485.123005 554.987044
4.250000 1.375000 2.828099 -8760.136438 263.613603
4.250000 1.500000 2.795147 -8888.838252 -13.071363
4.250000 1.625000 2.796781 -8879.706946 -280.675850
4.250000 1.750000 2.831865 -8736.631750 -541.378631
4.250000 1.875000 2.899538 -8461.039829 -786.758742
4.250000 2.000000 2.997882 -8058.448641 -995.727312
4.250000 2.125000 3.122348 -7546.846091 -1144.007245
4.250000 2.250000 3.265349 -6959.443030 -1224.205104
4.250000 2.375000 3.418375 -6333.522655 -1245.511544
4.250000 2.500000 3.574064 -5700.340738 -1224.500924
4.250000 2.625000 3.727127 -5081.362051 -1177.698480
4.250000 2.750000 3.874339 -4488.921966 -1118.205439
4.250000 2.875000 4.014114 -3928.529391 -1055.111610
4.250000 3.000000 4.146003 -3401.205402 -994.144599
4.250000 3.125000 4.270272 -2905.286816 -938.616216
4.250000 3.250000 4.387599 -2437.642432 -890.262226
4.250000 3.375000 4.498881 -1994.425304 -849.866214
4.250000 3.500000 4.605115 -1571.505426 -817.681226
4.250000 3.625000 4.707325 -1164.698230 -793.697951
4.250000 3.750000 4.806537 -769.868839 -777.807599
4.250000 3.875000 4.903763 -382.963500 -769.896380
4.250000 4.000000 5.000000

4.375000 0.000000 5.000000
4.375000 0.125000 4.876246 -990.029327 989.420039
4.375000 0.250000 4.752569 -1979.449366 985.860512
4.375000 0.375000 4.629336 -2965.309878 974.653410
4.375000 0.500000 4.507505 -3939.963287 948.962612
4.375000 0.625000 4.388884 -4888.925899 900.761889
4.375000 0.750000 4.276289 -5789.687788 823.105569
4.375000 0.875000 4.173401 -6612.793356 713.772633
4.375000 1.000000 4.084179 -7326.565989 578.539406
4.375000 1.125000 4.011862 -7905.105396 429.995610
4.375000 1.250000 3.958112 -8335.101006 279.973611
4.375000 1.375000 3.923116 -8615.074616 134.911789
4.375000 1.500000 3.906252 -8749.986406 -3.940057
4.375000 1.625000 3.906744 -8746.046349 -137.600654
4.375000 1.750000 3.923944 -8608.445695 -265.786710
4.375000 1.875000 3.957168 -8342.658985 -384.167553
4.375000 2.000000 4.005189 -7958.491432 -484.124762
4.375000 2.125000 4.065704 -7474.366669 -556.604184
4.375000 2.250000 4.135280 -6917.762485 -598.284729
4.375000 2.375000 4.210065 -6319.477756 -612.329627
4.375000 2.500000 4.286606 -5707.148129 -605.522237
4.375000 2.625000 4.362297 -5101.625892 -585.258395
4.375000 2.750000 4.435454 -4516.367497 -557.812864
4.375000 2.875000 4.505181 -3958.554633 -527.787622
4.375000 3.000000 4.571154 -3430.767011 -498.226013
4.375000 3.125000 4.633432 -2932.540998 -470.971832
4.375000 3.250000 4.692304 -2461.569165 -447.045099
4.375000 3.375000 4.748184 -2014.524067 -426.946336
4.375000 3.500000 4.801553 -1587.577731 -410.874031
4.375000 3.625000 4.852912 -1176.703701 -398.868560
4.375000 3.750000 4.902771 -777.835140 -390.902260
4.375000 3.875000 4.951633 -386.932880 -386.932880
4.375000 4.000000 5.000000

4.500000 0.000000 5.000000
4.500000 0.125000 5.000000
4.500000 0.250000 5.000000
4.500000 0.375000 5.000000
4.500000 0.500000 5.000000
4.500000 0.625000 5.000000
4.500000 0.750000 5.000000
4.500000 0.875000 5.000000
4.500000 1.000000 5.000000
4.500000 1.125000 5.000000
4.500000 1.250000 5.000000
4.500000 1.375000 5.000000
4.500000 1.500000 5.000000
4.500000 1.625000 5.000000
4.500000 1.750000 5.000000
4.500000 1.875000 5.000000
4.500000 2.000000 5.000000
4.500000 2.125000 5.000000
4.500000 2.250000 5.000000
4.500000 2.375000 5.000000
4.500000 2.500000 5.000000
4.500000 2.625000 5.000000
4.500000 2.750000 5.000000
4.500000 2.875000 5.000000
4.500000 3.000000 5.000000
4.500000 3.125000 5.000000
4.500000 3.250000 5.000000
4.500000 3.375000 5.000000
4.500000 3.500000 5.000000
4.500000 3.625000 5.000000
4.500000 3.750000 5.000000
4.500000 3.875000 5.000000
4.500000 4.000000 5.000000

